name: ecostress-py
channels:
- defaults
dependencies:
- alabaster=0.7.10=py36_0
- astroid=1.5.3=py36_0
- babel=2.5.0=py36_0
- bleach=1.5.0=py36_0
- certifi=2016.2.28=py36_0
- chardet=3.0.4=py36_0
- colorama=0.3.9=py36_0
- decorator=4.1.2=py36_0
- docutils=0.14=py36_0
- entrypoints=0.2.3=py36_0
- html5lib=0.9999999=py36_0
- icu=57.1=vc14_0
- imagesize=0.7.1=py36_0
- ipykernel=4.6.1=py36_0
- ipython=6.1.0=py36_0
- ipython_genutils=0.2.0=py36_0
- isort=4.2.15=py36_0
- jedi=0.10.2=py36_2
- jinja2=2.9.6=py36_0
- jpeg=9b=vc14_0
- jsonschema=2.6.0=py36_0
- jupyter_client=5.1.0=py36_0
- jupyter_core=4.3.0=py36_0
- lazy-object-proxy=1.3.1=py36_0
- libpng=1.6.30=vc14_1
- markupsafe=1.0=py36_0
- mistune=0.7.4=py36_0
- nbconvert=5.2.1=py36_0
- nbformat=4.4.0=py36_0
- numpydoc=0.7.0=py36_0
- openssl=1.0.2l=vc14_0
- pandocfilters=1.4.2=py36_0
- path.py=10.3.1=py36_0
- pickleshare=0.7.4=py36_0
- pip=9.0.1=py36_1
- prompt_toolkit=1.0.15=py36_0
- psutil=5.2.2=py36_0
- pycodestyle=2.3.1=py36_0
- pyflakes=1.6.0=py36_0
- pygments=2.2.0=py36_0
- pylint=1.7.2=py36_0
- pyproj=1.9.5.1=py36_0
- pyqt=5.6.0=py36_2
- python=3.6.0=0
- python-dateutil=2.6.1=py36_0
- pytz=2017.2=py36_0
- pyzmq=16.0.2=py36_0
- qt=5.6.2=vc14_6
- qtawesome=0.4.4=py36_0
- qtconsole=4.3.1=py36_0
- qtpy=1.3.1=py36_0
- requests=2.14.2=py36_0
- rope=0.9.4=py36_1
- setuptools=36.4.0=py36_1
- simplegeneric=0.8.1=py36_1
- singledispatch=3.4.0.3=py36_0
- sip=4.18=py36_0
- six=1.10.0=py36_0
- snowballstemmer=1.2.1=py36_0
- sphinx=1.6.3=py36_0
- sphinxcontrib=1.0=py36_0
- sphinxcontrib-websupport=1.0.1=py36_0
- spyder=3.2.3=py36_0
- testpath=0.3.1=py36_0
- tornado=4.5.2=py36_0
- traitlets=4.3.2=py36_0
- vc=14=0
- vs2015_runtime=14.0.25420=0
- wcwidth=0.1.7=py36_0
- wheel=0.29.0=py36_0
- wincertstore=0.2=py36_0
- wrapt=1.10.11=py36_0
- zlib=1.2.11=vc14_0
- pip:
  - affine==2.2.1
  - altgraph==0.15
  - attrs==18.1.0
  - basemap==1.1.0
  - click==6.7
  - click-plugins==1.0.3
  - cligj==0.4.0
  - configobj==5.0.6
  - cycler==0.10.0
  - future==0.16.0
  - gdal==2.2.4
  - h5py==2.8.0
  - ipython-genutils==0.2.0
  - jupyter-client==5.1.0
  - jupyter-core==4.3.0
  - kiwisolver==1.0.1
  - macholib==1.9
  - matplotlib==3.0.0
  - numpy==1.15.1+mkl
  - pefile==2017.11.5
  - prompt-toolkit==1.0.15
  - pyinstaller==3.3.1
  - pykdtree==1.3.1
  - pyparsing==2.2.0
  - pypiwin32==223
  - pyresample==1.10.1
  - pyshp==1.2.12
  - pywin32==223
  - pyyaml==3.13
  - rasterio==1.0.5
  - rope-py3k==0.9.4.post1
  - scipy==1.1.0
  - shapely==1.6.4.post1
  - snuggs==1.4.2
  - termcolor==1.1.0
prefix: C:\Username\Anaconda3\envs\ecostress-py
